137
4
6406
1
9249
3
7230
4
2700
2
4285
4
10000
5
8368
1
1689
3
3253
1
6080
3
6844
5
4895
2
3850
5
9189
3
4237
4
9350
4
7905
4
2054
3
1205
5
1453
4
9208
4
2145
1
5195
5
5026
2
5791
1
1897
4
8825
4
4735
2
7788
5
9166
4
4113
4
1831
5
2231
5
8152
4
4349
5
2661
2
3771
3
7703
4
5356
1
6411
5
7014
1
5448
5
1840
5
6311
4
8880
5
8255
5
6829
1
6584
2
7709
1
8346
1
7929
2
6539
5
1993
4
2894
4
9031
2
2786
3
7575
4
8672
1
8156
3
2379
5
1014
5
5279
2
6860
2
6063
3
2368
5
6224
1
6384
4
2561
2
5614
1
5491
4
8977
1
7305
2
3376
4
9475
3
3436
2
5043
4
8549
1
8413
3
2803
3
1103
2
9258
1
5082
1
1078
4
3588
4
3225
1
7301
5
1503
2
1558
2
1691
1
4804
2
3157
2
3966
2
9017
5
4119
1
1358
3
7545
4
3532
4
2453
5
2713
3
2078
4
4553
4
6900
1
7273
5
5423
4
4043
1
6992
5
6231
3
4696
2
1238
2
4404
5
7350
4
8766
2
2101
1
2359
2
1769
3
5346
2
8669
2
6478
1
6174
2
1663
1
5785
5
1744
1
6619
3
5657
4
5932
1
2428
4
9576
1
3749
2
7731
1
2848
1
3959
2
5883
4
3164
2
9968
2
5972
2
4108
3
6410
